%%
%% array of partial derivatives of phase velocity with respect to S-wave velocity at each period T; 
%% periods T are arrange in rowss -->
%% depth intervals are arrange in columns |
%%
%% used in class exercise for inversion course
%%
%%
6.7353e-002  4.8759e-002  3.2767e-002  2.1250e-002  1.4553e-002  1.0649e-002  8.3111e-003  6.8445e-003  5.9959e-003  5.2413e-003
6.5832e-002  4.8183e-002  3.2556e-002  2.1168e-002  1.4515e-002  1.0629e-002  8.2979e-003  6.8351e-003  5.9885e-003  5.2354e-003
6.1565e-002  4.6585e-002  3.1990e-002  2.0963e-002  1.4428e-002  1.0585e-002  8.2734e-003  6.8196e-003  5.9771e-003  5.2271e-003
5.4943e-002  4.4045e-002  3.1086e-002  2.0637e-002  1.4291e-002  1.0520e-002  8.2375e-003  6.7976e-003  5.9616e-003  5.2164e-003
4.6615e-002  4.0713e-002  2.9880e-002  2.0199e-002  1.4109e-002  1.0433e-002  8.1907e-003  6.7696e-003  5.9422e-003  5.2033e-003
3.7367e-002  3.6781e-002  2.8415e-002  1.9661e-002  1.3883e-002  1.0326e-002  8.1332e-003  6.7355e-003  5.9189e-003  5.1878e-003
2.8095e-002  3.2492e-002  2.6753e-002  1.9037e-002  1.3619e-002  1.0200e-002  8.0659e-003  6.6958e-003  5.8919e-003  5.1701e-003
1.9590e-002  2.8060e-002  2.4945e-002  1.8340e-002  1.3320e-002  1.0056e-002  7.9888e-003  6.6505e-003  5.8612e-003  5.1502e-003
2.1091e-002  3.0141e-002  2.7082e-002  2.0279e-002  1.4975e-002  1.1455e-002  9.1907e-003  7.7066e-003  6.8237e-003  6.0225e-003
1.3591e-002  2.4965e-002  2.4549e-002  1.9144e-002  1.4425e-002  1.1163e-002  9.0197e-003  7.5976e-003  6.7452e-003  5.9674e-003
8.5412e-003  2.0367e-002  2.2068e-002  1.7980e-002  1.3848e-002  1.0852e-002  8.8359e-003  7.4799e-003  6.6601e-003  5.9075e-003
5.1778e-003  1.6350e-002  1.9675e-002  1.6803e-002  1.3249e-002  1.0524e-002  8.6405e-003  7.3540e-003  6.5688e-003  5.8431e-003
2.9890e-003  1.2913e-002  1.7402e-002  1.5627e-002  1.2635e-002  1.0182e-002  8.4347e-003  7.2205e-003  6.4716e-003  5.7744e-003
1.6388e-003  1.0057e-002  1.5281e-002  1.4466e-002  1.2010e-002  9.8278e-003  8.2195e-003  7.0800e-003  6.3690e-003  5.7016e-003
1.5344e-003  9.9577e-003  1.6234e-002  1.6346e-002  1.4187e-002  1.1980e-002  1.0243e-002  8.9608e-003  8.1397e-003  7.3535e-003
4.9691e-004  6.2550e-003  1.2748e-002  1.4157e-002  1.2905e-002  1.1210e-002  9.7546e-003  8.6318e-003  7.8941e-003  7.1753e-003
1.6045e-004  3.9227e-003  9.9981e-003  1.2248e-002  1.1727e-002  1.0481e-002  9.2821e-003  8.3084e-003  7.6502e-003  6.9965e-003
5.1654e-005  2.4561e-003  7.8318e-003  1.0586e-002  1.0647e-002  9.7904e-003  8.8250e-003  7.9909e-003  7.4084e-003  6.8175e-003
1.6581e-005  1.5353e-003  6.1274e-003  9.1391e-003  9.6563e-003  9.1371e-003  8.3836e-003  7.6795e-003  7.1690e-003  6.6385e-003
5.3064e-006  9.5818e-004  4.7880e-003  7.8819e-003  8.7498e-003  8.5199e-003  7.9576e-003  7.3746e-003  6.9322e-003  6.4598e-003
1.6933e-006  5.9704e-004  3.7368e-003  6.7905e-003  7.9209e-003  7.9373e-003  7.5470e-003  7.0763e-003  6.6984e-003  6.2816e-003
5.3874e-007  3.7141e-004  2.9129e-003  5.8442e-003  7.1638e-003  7.3882e-003  7.1518e-003  6.7849e-003  6.4678e-003  6.1042e-003
1.7090e-007  2.3069e-004  2.2679e-003  5.0246e-003  6.4730e-003  6.8710e-003  6.7718e-003  6.5005e-003  6.2406e-003  5.9278e-003
5.4055e-008  1.4305e-004  1.7637e-003  4.3155e-003  5.8434e-003  6.3846e-003  6.4068e-003  6.2233e-003  6.0170e-003  5.7526e-003
1.7047e-008  8.8564e-005  1.3699e-003  3.7027e-003  5.2701e-003  5.9274e-003  6.0565e-003  5.9534e-003  5.7973e-003  5.5788e-003
5.3603e-009  5.4744e-005  1.0627e-003  3.1737e-003  4.7487e-003  5.4983e-003  5.7208e-003  5.6909e-003  5.5816e-003  5.4066e-003
1.6806e-009  3.3786e-005  8.2351e-004  2.7176e-003  4.2750e-003  5.0959e-003  5.3994e-003  5.4358e-003  5.3700e-003  5.2362e-003
5.2536e-010  2.0818e-005  6.3739e-004  2.3247e-003  3.8451e-003  4.7189e-003  5.0919e-003  5.1883e-003  5.1628e-003  5.0678e-003
1.6375e-010  1.2808e-005  4.9277e-004  1.9867e-003  3.4553e-003  4.3661e-003  4.7980e-003  4.9483e-003  4.9600e-003  4.9014e-003
5.0891e-011  7.8674e-006  3.8053e-004  1.6962e-003  3.1022e-003  4.0362e-003  4.5175e-003  4.7158e-003  4.7617e-003  4.7374e-003
1.5770e-011  4.8253e-006  2.9353e-004  1.4467e-003  2.7827e-003  3.7282e-003  4.2500e-003  4.4908e-003  4.5680e-003  4.5757e-003
4.8732e-012  2.9552e-006  2.2617e-004  1.2328e-003  2.4939e-003  3.4407e-003  3.9951e-003  4.2733e-003  4.3791e-003  4.4166e-003
1.5019e-012  1.8073e-006  1.7408e-004  1.0495e-003  2.2329e-003  3.1723e-003  3.7521e-003  4.0627e-003  4.1944e-003  4.2596e-003
4.6166e-013  1.1037e-006  1.3385e-004  8.9258e-004  1.9974e-003  2.9224e-003  3.5210e-003  3.8596e-003  4.0146e-003  4.1053e-003
1.4153e-013  6.7308e-007  1.0280e-004  7.5841e-004  1.7852e-003  2.6899e-003  3.3014e-003  3.6638e-003  3.8397e-003  3.9540e-003
4.3277e-014  4.0990e-007  7.8877e-005  6.4380e-004  1.5940e-003  2.4737e-003  3.0929e-003  3.4752e-003  3.6696e-003  3.8055e-003
1.3198e-014  2.4927e-007  6.0454e-005  5.4598e-004  1.4220e-003  2.2729e-003  2.8952e-003  3.2937e-003  3.5045e-003  3.6601e-003
4.0144e-015  1.5137e-007  4.6284e-005  4.6256e-004  1.2674e-003  2.0864e-003  2.7077e-003  3.1191e-003  3.3443e-003  3.5177e-003
1.2179e-015  9.1796e-008  3.5397e-005  3.9150e-004  1.1285e-003  1.9135e-003  2.5302e-003  2.9514e-003  3.1889e-003  3.3785e-003
3.6853e-016  5.5588e-008  2.7041e-005  3.3102e-004  1.0038e-003  1.7533e-003  2.3623e-003  2.7904e-003  3.0383e-003  3.2424e-003
1.1126e-016  3.3615e-008  2.0635e-005  2.7959e-004  8.9198e-004  1.6049e-003  2.2034e-003  2.6360e-003  2.8926e-003  3.1095e-003
0.0000e+000  2.0298e-008  1.5729e-005  2.3589e-004  7.9179e-004  1.4677e-003  2.0534e-003  2.4879e-003  2.7516e-003  2.9798e-003
0.0000e+000  1.2240e-008  1.1975e-005  1.9880e-004  7.0210e-004  1.3408e-003  1.9117e-003  2.3462e-003  2.6154e-003  2.8534e-003
0.0000e+000  7.3697e-009  9.1055e-006  1.6735e-004  6.2187e-004  1.2235e-003  1.7781e-003  2.2105e-003  2.4838e-003  2.7303e-003
0.0000e+000  4.4308e-009  6.9149e-006  1.4069e-004  5.5017e-004  1.1154e-003  1.6522e-003  2.0807e-003  2.3568e-003  2.6104e-003
0.0000e+000  2.6597e-009  5.2442e-006  1.1813e-004  4.8614e-004  1.0156e-003  1.5336e-003  1.9567e-003  2.2344e-003  2.4938e-003
0.0000e+000  1.5940e-009  3.9713e-006  9.9052e-005  4.2900e-004  9.2369e-004  1.4221e-003  1.8383e-003  2.1164e-003  2.3804e-003
0.0000e+000  9.5350e-010  3.0025e-006  8.2930e-005  3.7808e-004  8.3906e-004  1.3171e-003  1.7254e-003  2.0029e-003  2.2704e-003
0.0000e+000  5.6918e-010  2.2659e-006  6.9320e-005  3.3271e-004  7.6122e-004  1.2186e-003  1.6178e-003  1.8937e-003  2.1636e-003
0.0000e+000  3.3888e-010  1.7065e-006  5.7843e-005  2.9235e-004  6.8968e-004  1.1261e-003  1.5153e-003  1.7887e-003  2.0601e-003
0.0000e+000  3.3887e-010  1.7067e-006  5.7857e-005  2.9245e-004  6.8994e-004  1.1265e-003  1.5160e-003  1.7895e-003  2.0610e-003
0.0000e+000  1.1904e-010  9.6204e-007  4.0098e-005  2.2500e-004  5.6481e-004  9.5999e-004  1.3278e-003  1.5945e-003  1.8668e-003
0.0000e+000  4.1332e-011  5.3756e-007  2.7588e-005  1.7202e-004  4.5985e-004  8.1411e-004  1.1580e-003  1.4152e-003  1.6847e-003
0.0000e+000  1.4189e-011  2.9782e-007  1.8847e-005  1.3072e-004  3.7239e-004  6.8712e-004  1.0056e-003  1.2511e-003  1.5151e-003
0.0000e+000  4.8163e-012  1.6361e-007  1.2786e-005  9.8732e-005  2.9999e-004  5.7723e-004  8.6962e-004  1.1018e-003  1.3577e-003
0.0000e+000  1.6169e-012  8.9143e-008  8.6150e-006  7.4137e-005  2.4041e-004  4.8269e-004  7.4891e-004  9.6665e-004  1.2125e-003
0.0000e+000  5.3689e-013  4.8177e-008  5.7659e-006  5.5346e-005  1.9168e-004  4.0180e-004  6.4231e-004  8.4485e-004  1.0791e-003
0.0000e+000  1.7637e-013  2.5830e-008  3.8336e-006  4.1084e-005  1.5206e-004  3.3296e-004  5.4864e-004  7.3562e-004  9.5712e-004
0.0000e+000  5.7322e-014  1.3740e-008  2.5324e-006  3.0325e-005  1.2003e-004  2.7467e-004  4.6672e-004  6.3811e-004  8.4600e-004
0.0000e+000  1.8437e-014  7.2525e-009  1.6621e-006  2.2258e-005  9.4273e-005  2.2558e-004  3.9543e-004  5.5145e-004  7.4523e-004
0.0000e+000  5.8689e-015  3.7991e-009  1.0840e-006  1.6247e-005  7.3673e-005  1.8442e-004  3.3365e-004  4.7475e-004  6.5421e-004
0.0000e+000  1.8493e-015  1.9752e-009  7.0255e-007  1.1792e-005  5.7285e-005  1.5009e-004  2.8037e-004  4.0717e-004  5.7231e-004
0.0000e+000  5.7701e-016  1.0193e-009  4.5244e-007  8.5107e-006  4.4314e-005  1.2158e-004  2.3460e-004  3.4786e-004  4.9891e-004
0.0000e+000  1.7836e-016  5.2208e-010  2.8951e-007  6.1067e-006  3.4099e-005  9.8014e-005  1.9546e-004  2.9601e-004  4.3338e-004
0.0000e+000  5.4710e-017  2.6542e-010  1.8402e-007  4.3552e-006  2.6095e-005  7.8627e-005  1.6213e-004  2.5086e-004  3.7507e-004
0.0000e+000  0.0000e+000  1.3390e-010  1.1615e-007  3.0860e-006  1.9853e-005  6.2747e-005  1.3386e-004  2.1171e-004  3.2339e-004
0.0000e+000  0.0000e+000  6.6997e-011  7.2750e-008  2.1714e-006  1.5010e-005  4.9799e-005  1.0998e-004  1.7789e-004  2.7776e-004
0.0000e+000  0.0000e+000  3.3209e-011  4.5168e-008  1.5159e-006  1.1272e-005  3.9291e-005  8.9900e-005  1.4878e-004  2.3761e-004
0.0000e+000  0.0000e+000  1.6269e-011  2.7750e-008  1.0488e-006  8.4000e-006  3.0802e-005  7.3087e-005  1.2385e-004  2.0241e-004
0.0000e+000  0.0000e+000  7.8418e-012  1.6826e-008  7.1803e-007  6.2071e-006  2.3980e-005  5.9074e-005  1.0257e-004  1.7169e-004
0.0000e+000  0.0000e+000  3.6907e-012  1.0033e-008  4.8552e-007  4.5431e-006  1.8527e-005  4.7452e-005  8.4493e-005  1.4497e-004
